69
50 15
0 12
1 12
2 12
3 12
4 12
5 12
6 12
7 12
8 12
9 12
10 12
11 12
12 12
12 11
12 10
12 9
11 9
10 9
8 9
7 9
7 8
7 7
7 6
7 5
7 4
7 3
8 3
9 3
10 3
11 3
12 3
13 3
14 3
15 3
16 3
17 3
18 3
19 3
20 3
21 3
22 3
23 3
24 3
25 3
26 3
27 3
28 3
29 3
30 3
31 3
32 3
33 3
34 3
35 3
36 3
36 4
36 5
36 6
36 7
36 8
35 8
34 8
33 8
32 8
31 8
30 8
29 8
28 8
27 8
26 8
25 8
24 8
23 8
22 8
22 9
22 10
22 11
22 12
23 12
24 12
25 12
26 12
27 12
28 12
29 12
30 12
31 12
32 12
33 12
34 12
35 12
36 12
37 12
38 12
39 12
40 12
41 12
42 12
42 11
42 10
42 9
42 8
42 7
42 6
42 5
42 4
42 3
43 3
44 3
45 3
46 3
47 3
48 3
49 3